0 0.224864 0.327200 0.140814 0.301560
0 0.339279 0.331090 0.050957 0.254860
0 0.388846 0.357355 0.083379 0.258110
0 0.457404 0.340495 0.158421 0.343710
0 0.517389 0.285690 0.086621 0.205580
0 0.588032 0.334655 0.091721 0.309990
0 0.670018 0.315200 0.077821 0.259400
0 0.746450 0.365785 0.088014 0.303510
0 0.721207 0.239975 0.045857 0.071330
0 0.831450 0.256835 0.034743 0.107650
0 0.781657 0.237705 0.025014 0.066790
0 0.853918 0.239645 0.027793 0.052530
0 0.819871 0.219220 0.025471 0.044100
0 0.398575 0.664100 0.437279 0.671800
